7830 4540
6380 5760

1160 5280
1160 5470

5360 5330
5300 5520

3950 5430
3950 5490

330 5470
610 5470

2630 5490
2950 5490

5300 5520
5300 5520

5250 5610
5250 5610

2950 5650
2950 5650

4150 5660
4150 5660

4380 5690
4380 5690

610 5700
610 5470

6010 5760
6010 5760

1420 5830
1420 5830

4530 5880
4530 5760

2120 6220
2120 6220

4900 6300
4900 5760

3000 6480
3000 6480

6270 6790
6380 6790

1510 6840
1510 6840

1980 7010
1510 7010

3040 7020
3000 6480

370 7060
420 7060

6380 7090
6380 7090

770 7100
770 7060

420 7340
420 7060

6980 7370
6380 7370

6240 7560
6380 7560

8020 8160
7200 8210

5740 8210
5740 8210

7200 8390
7200 8210

6520 8460
6520 8210

5600 8870
5740 8210

1160 5470
1420 5830

610 5470
1160 5470

1420 5830
1510 6220

1510 6840
1510 6220

1510 7010
1510 6840

770 7060
1510 7010

420 7060
770 7060

2120 6220
2950 6220

3950 5490
2950 5490

2950 5650
2950 5490

2950 6220
2950 5650

3000 6480
2950 6220

1510 6220
2120 6220

5300 5520
5250 5610

5250 5610
5250 5760

4150 5660
3950 5490

4380 5690
4150 5660

5250 5760
4900 5760

6010 5760
5250 5760

4900 5760
4530 5760

4530 5760
4380 5690

6380 5760
6010 5760

6380 7090
6380 6790

6380 7370
6380 7090

6380 7560
6380 7370

7200 8210
6520 8210

6520 8210
6380 8210

6380 8210
6380 7560

5740 8210
6380 8210

6380 6790
6380 5760

2950 5490
2950 5490